before (size: 4 X 4)
    2.0000     1.0000     0.0000     2.0000 
    1.0000     2.0000     1.0000     0.0000 
    0.0000     1.0000     3.0000     1.0000 
    2.0000     0.0000     1.0000     3.0000 
after (size: 4 X 4)
    2.0000     1.0000     0.0000     2.0000 
    1.0000     2.0000     1.0000     0.0000 
    0.0000     1.0000     3.0000     1.0000 
    2.0000     0.0000     1.0000     3.0000 
eigen values (size of D: 1 X 4)
    3.0000     2.0000    -0.1926     5.1926 
eigen vectors (size: 4 X 4)
    0.3780    -0.3780    -0.6708     0.5141 
   -0.3780    -0.7559     0.4426     0.2997 
   -0.7559     0.3780    -0.2997     0.4426 
    0.3780     0.3780     0.5141     0.6708 
(size of M: 4 X 4)
    2.0000     1.0000     0.0000     2.0000 
    1.0000     2.0000     1.0000     0.0000 
    0.0000     1.0000     3.0000     1.0000 
    2.0000     0.0000     1.0000     3.0000 
inverse (size of M: 4 X 4)
   -2.1667     1.6667    -1.1667     1.8333 
    1.6667    -0.6667     0.6667    -1.3333 
   -1.1667     0.6667    -0.1667     0.8333 
    1.8333    -1.3333     0.8333    -1.1667 
ans (size of B: 4 X 2)
   13.8333     5.0000 
   -8.3333    -3.0000 
    7.8333     3.0000 
   -8.1667    -3.0000 
re-inverse (size of M: 4 X 4)
    2.0000     1.0000     0.0000     2.0000 
    1.0000     2.0000     1.0000    -0.0000 
   -0.0000     1.0000     3.0000     1.0000 
    2.0000     0.0000     1.0000     3.0000 
